3661
0 0 4 1 
5 0 5 9 
6 0 17 0 
18 0 18 8 
19 0 21 3 
22 0 33 0 
34 0 36 3 
37 0 38 5 
39 0 42 2 
43 0 44 5 
45 0 49 1 
50 0 51 4 
52 0 52 11 
53 0 62 0 
63 0 73 0 
74 0 85 0 
86 0 86 7 
87 0 87 9 
88 0 88 11 
89 0 89 9 
90 0 91 4 
92 0 92 10 
93 0 94 4 
95 0 95 9 
96 0 96 10 
97 0 102 1 
103 0 104 4 
105 0 108 2 
109 0 118 0 
119 0 127 0 
128 0 128 9 
129 0 139 0 
140 0 141 5 
142 0 142 9 
143 0 144 5 
145 0 146 5 
147 0 149 2 
150 0 155 1 
156 0 158 3 
159 0 164 1 
165 0 166 5 
167 0 177 0 
178 0 189 0 
190 0 198 0 
6 1 6 9 
7 1 8 6 
9 1 9 12 
10 1 10 11 
11 1 12 6 
13 1 17 2 
22 1 27 2 
28 1 32 2 
33 1 33 11 
53 1 54 6 
55 1 59 2 
60 1 61 5 
62 1 63 5 
64 1 74 1 
75 1 82 1 
83 1 85 4 
109 1 114 2 
115 1 115 12 
116 1 119 3 
120 1 123 3 
124 1 126 4 
127 1 127 11 
129 1 133 2 
134 1 135 5 
136 1 139 3 
167 1 168 4 
169 1 179 1 
180 1 182 4 
183 1 184 4 
185 1 185 10 
186 1 187 5 
188 1 188 12 
189 1 189 10 
190 1 190 12 
191 1 192 5 
193 1 194 6 
195 1 195 12 
196 1 199 3 
0 2 1 6 
2 2 3 7 
4 2 4 12 
45 2 49 3 
64 2 75 2 
76 2 76 11 
77 2 79 5 
80 2 81 7 
82 2 82 10 
97 2 102 3 
150 2 152 5 
153 2 155 5 
159 2 160 7 
161 2 162 6 
163 2 164 7 
169 2 170 7 
171 2 173 5 
174 2 177 4 
178 2 178 11 
13 3 16 5 
17 3 17 13 
22 3 22 12 
23 3 23 13 
24 3 28 4 
29 3 29 12 
30 3 32 5 
39 3 40 7 
41 3 41 10 
42 3 42 12 
55 3 56 7 
57 3 57 10 
58 3 59 8 
64 3 69 4 
70 3 70 12 
71 3 73 6 
74 3 74 14 
75 3 75 12 
105 3 113 3 
114 3 114 14 
129 3 129 13 
130 3 132 5 
147 3 147 13 
148 3 149 8 
19 4 19 12 
20 4 20 13 
21 4 21 12 
34 4 36 7 
45 4 45 14 
46 4 46 15 
47 4 48 8 
49 4 49 13 
97 4 100 6 
101 4 101 14 
102 4 102 15 
105 4 107 7 
108 4 112 5 
113 4 113 11 
116 4 116 15 
117 4 117 14 
118 4 121 5 
123 4 123 14 
133 4 133 15 
136 4 137 9 
138 4 138 15 
139 4 139 13 
156 4 158 7 
196 4 197 9 
198 4 199 9 
24 5 25 10 
26 5 27 10 
28 5 28 15 
50 5 51 10 
65 5 65 13 
66 5 68 8 
69 5 69 16 
83 5 83 15 
84 5 85 9 
90 5 90 16 
91 5 91 15 
93 5 93 16 
94 5 94 16 
103 5 103 16 
104 5 104 16 
122 5 122 16 
124 5 126 8 
167 5 168 10 
174 5 177 7 
179 5 183 6 
13 6 14 11 
15 6 15 15 
16 6 16 16 
30 6 30 14 
31 6 31 14 
38 6 38 16 
43 6 44 11 
60 6 60 16 
61 6 61 17 
62 6 62 16 
63 6 64 9 
77 6 79 8 
108 6 108 15 
109 6 110 10 
111 6 112 9 
118 6 118 16 
119 6 120 11 
121 6 121 15 
130 6 131 10 
132 6 132 17 
134 6 134 16 
140 6 141 10 
143 6 146 8 
150 6 151 9 
152 6 153 10 
154 6 154 16 
155 6 155 15 
166 6 166 16 
171 6 171 17 
172 6 173 10 
186 6 186 15 
187 6 187 14 
191 6 191 16 
192 6 192 16 
0 7 0 18 
1 7 1 16 
7 7 7 17 
8 7 8 18 
11 7 11 18 
12 7 12 16 
32 7 32 18 
37 7 37 18 
53 7 53 17 
54 7 54 18 
71 7 72 11 
73 7 73 17 
97 7 98 12 
99 7 100 12 
161 7 162 12 
165 7 165 18 
179 7 179 17 
180 7 181 12 
182 7 184 10 
193 7 194 12 
2 8 2 19 
3 8 3 16 
34 8 35 13 
39 8 40 13 
55 8 56 11 
80 8 81 12 
86 8 86 17 
105 8 106 13 
107 8 107 18 
135 8 135 19 
156 8 157 12 
158 8 158 17 
159 8 159 19 
160 8 160 16 
163 8 163 18 
164 8 164 19 
169 8 170 12 
174 8 176 10 
177 8 177 17 
18 9 18 19 
47 9 47 20 
58 9 58 19 
59 9 59 19 
66 9 68 12 
77 9 77 20 
78 9 78 20 
79 9 79 20 
124 9 125 14 
126 9 126 17 
143 9 143 16 
144 9 145 14 
146 9 146 19 
148 9 148 19 
149 9 149 20 
5 10 6 14 
36 10 36 21 
63 10 63 19 
84 10 84 19 
95 10 95 18 
112 10 112 18 
128 10 128 17 
137 10 137 20 
142 10 142 21 
150 10 150 19 
151 10 151 18 
196 10 197 15 
198 10 199 13 
24 11 26 13 
27 11 27 21 
41 11 41 21 
50 11 50 22 
51 11 51 22 
57 11 57 20 
64 11 64 22 
82 11 82 18 
85 11 85 22 
96 11 96 19 
109 11 111 14 
130 11 130 20 
140 11 140 19 
141 11 141 22 
152 11 152 18 
153 11 153 22 
167 11 168 15 
172 11 173 14 
174 11 174 22 
175 11 175 21 
176 11 176 21 
182 11 182 21 
183 11 183 21 
184 11 184 21 
185 11 185 21 
189 11 189 22 
10 12 10 23 
13 12 13 23 
14 12 14 23 
33 12 33 22 
43 12 44 17 
48 12 48 23 
52 12 52 23 
55 12 55 23 
56 12 56 20 
71 12 71 20 
72 12 72 21 
76 12 76 23 
87 12 88 17 
92 12 92 23 
119 12 119 19 
120 12 120 23 
127 12 127 22 
178 12 178 22 
4 13 4 24 
9 13 9 20 
19 13 19 24 
21 13 21 21 
22 13 22 23 
29 13 29 21 
42 13 42 24 
66 13 66 23 
67 13 67 22 
68 13 68 23 
70 13 70 23 
75 13 75 23 
80 13 81 18 
97 13 98 16 
99 13 99 23 
100 13 100 20 
113 13 113 24 
115 13 115 21 
131 13 131 24 
156 13 156 22 
157 13 157 24 
161 13 161 23 
162 13 162 23 
169 13 169 24 
170 13 170 24 
180 13 180 22 
181 13 181 21 
188 13 188 24 
190 13 190 20 
193 13 194 18 
195 13 195 23 
17 14 17 21 
20 14 20 21 
23 14 24 18 
25 14 25 24 
26 14 26 23 
34 14 35 18 
39 14 39 23 
40 14 40 24 
49 14 49 24 
105 14 106 19 
139 14 139 25 
198 14 199 19 
5 15 6 20 
30 15 30 24 
45 15 45 25 
74 15 74 25 
101 15 101 24 
109 15 109 23 
110 15 110 25 
111 15 111 24 
114 15 114 26 
117 15 117 26 
123 15 124 20 
125 15 125 24 
129 15 129 26 
144 15 145 19 
172 15 172 23 
173 15 173 24 
28 16 28 27 
46 16 46 27 
89 16 89 27 
91 16 91 25 
102 16 102 25 
108 16 108 27 
121 16 121 24 
133 16 133 27 
138 16 138 26 
167 16 167 27 
168 16 168 27 
186 16 187 20 
196 16 196 27 
197 16 197 26 
1 17 1 26 
3 17 3 28 
12 17 12 27 
16 17 16 28 
38 17 38 25 
60 17 60 26 
62 17 62 26 
69 17 69 26 
90 17 90 28 
93 17 94 22 
97 17 98 20 
103 17 103 25 
104 17 104 26 
122 17 122 24 
143 17 143 28 
160 17 160 28 
166 17 166 27 
191 17 192 22 
7 18 7 29 
15 18 15 29 
43 18 44 23 
53 18 53 29 
61 18 61 27 
73 18 73 26 
83 18 83 29 
86 18 86 27 
87 18 87 27 
118 18 118 29 
126 18 126 28 
128 18 128 28 
136 18 136 29 
158 18 158 27 
171 18 171 25 
177 18 177 29 
179 18 179 28 
0 19 0 30 
8 19 8 30 
11 19 11 26 
23 19 23 30 
24 19 24 30 
31 19 32 24 
35 19 35 28 
54 19 54 29 
80 19 81 23 
82 19 82 28 
95 19 95 29 
107 19 107 30 
112 19 112 29 
132 19 132 30 
151 19 151 27 
152 19 152 30 
154 19 155 24 
163 19 163 27 
165 19 165 30 
193 19 193 30 
194 19 194 28 
2 20 2 31 
18 20 18 29 
34 20 34 31 
58 20 59 25 
63 20 63 30 
84 20 84 29 
88 20 88 31 
96 20 96 31 
105 20 106 24 
119 20 119 28 
135 20 135 28 
140 20 140 30 
144 20 146 23 
147 20 147 31 
150 20 150 30 
159 20 159 28 
164 20 164 30 
199 20 199 31 
5 21 5 30 
6 21 6 32 
9 21 9 31 
37 21 37 32 
47 21 47 31 
57 21 57 31 
65 21 65 32 
77 21 78 24 
79 21 79 32 
97 21 98 24 
100 21 100 31 
123 21 123 32 
137 21 137 29 
148 21 149 26 
186 21 186 31 
187 21 187 32 
17 22 17 33 
20 22 20 30 
21 22 21 32 
27 22 27 29 
29 22 29 33 
36 22 36 31 
41 22 41 33 
71 22 72 27 
115 22 115 31 
130 22 130 33 
142 22 142 31 
175 22 175 30 
176 22 176 32 
181 22 184 24 
185 22 185 33 
50 23 51 28 
67 23 67 34 
85 23 85 33 
93 23 93 32 
124 23 124 34 
127 23 127 30 
141 23 141 31 
153 23 153 32 
156 23 156 33 
174 23 174 33 
178 23 178 33 
180 23 180 32 
189 23 191 25 
192 23 192 33 
198 23 198 34 
10 24 10 32 
13 24 13 31 
14 24 14 34 
22 24 22 34 
26 24 26 32 
39 24 39 33 
43 24 43 34 
44 24 44 34 
48 24 48 34 
52 24 52 35 
55 24 55 33 
66 24 66 32 
68 24 68 32 
70 24 70 35 
75 24 75 35 
76 24 76 35 
80 24 81 27 
92 24 92 35 
99 24 99 34 
109 24 109 32 
120 24 120 35 
134 24 134 35 
144 24 146 27 
161 24 161 33 
162 24 162 35 
172 24 172 35 
195 24 195 32 
4 25 4 36 
19 25 19 36 
25 25 25 36 
31 25 33 28 
40 25 40 35 
42 25 42 33 
49 25 49 34 
77 25 77 32 
78 25 78 36 
97 25 97 35 
98 25 98 36 
101 25 101 32 
105 25 106 28 
113 25 113 35 
116 25 116 36 
121 25 122 30 
125 25 125 34 
131 25 131 33 
155 25 155 36 
157 25 157 34 
169 25 170 30 
173 25 173 33 
181 25 183 27 
184 25 184 35 
188 25 188 34 
30 26 30 37 
38 26 38 36 
45 26 45 35 
58 26 58 35 
59 26 59 37 
74 26 74 33 
91 26 91 33 
103 26 103 36 
110 26 110 37 
139 26 139 36 
171 26 171 34 
189 26 189 36 
190 26 191 31 
1 27 1 35 
11 27 11 36 
60 27 60 37 
62 27 62 36 
64 27 64 38 
69 27 69 38 
73 27 73 38 
102 27 102 38 
104 27 104 38 
114 27 114 36 
129 27 129 37 
148 27 148 38 
149 27 149 34 
12 28 12 39 
28 28 28 35 
46 28 46 36 
56 28 56 39 
71 28 71 38 
72 28 72 38 
80 28 80 38 
81 28 81 35 
86 28 87 32 
94 28 94 39 
133 28 133 38 
138 28 138 39 
144 28 144 38 
145 28 145 36 
146 28 146 35 
151 28 151 37 
158 28 158 39 
163 28 163 39 
166 28 168 31 
181 28 181 38 
182 28 183 32 
196 28 196 35 
3 29 3 37 
16 29 16 40 
31 29 32 34 
50 29 51 32 
82 29 82 39 
89 29 90 33 
105 29 105 38 
106 29 106 39 
119 29 119 39 
126 29 126 40 
128 29 128 38 
143 29 143 38 
159 29 159 40 
160 29 160 38 
179 29 179 38 
197 29 197 40 
7 30 7 38 
15 30 15 40 
18 30 18 39 
35 30 35 41 
53 30 53 40 
54 30 54 40 
61 30 61 41 
83 30 84 35 
95 30 95 39 
112 30 112 41 
117 30 118 35 
135 30 136 34 
137 30 137 40 
5 31 5 40 
8 31 8 41 
20 31 20 39 
23 31 23 42 
33 31 33 42 
63 31 63 42 
107 31 107 42 
111 31 111 42 
121 31 121 42 
127 31 127 42 
132 31 132 42 
140 31 140 41 
150 31 150 40 
152 31 152 42 
154 31 154 42 
164 31 165 36 
169 31 170 35 
175 31 175 42 
177 31 177 42 
193 31 193 38 
0 32 0 43 
2 32 2 43 
9 32 9 43 
13 32 13 43 
24 32 24 43 
34 32 34 43 
36 32 36 43 
57 32 57 39 
88 32 88 43 
96 32 96 43 
115 32 115 40 
141 32 141 40 
142 32 142 43 
147 32 147 41 
166 32 168 35 
190 32 190 43 
191 32 191 42 
199 32 199 42 
6 33 6 40 
10 33 10 44 
21 33 21 40 
26 33 26 43 
27 33 27 44 
37 33 37 42 
50 33 51 38 
65 33 65 43 
66 33 66 40 
77 33 77 43 
79 33 79 44 
86 33 86 42 
87 33 87 42 
93 33 93 42 
100 33 101 37 
109 33 109 42 
123 33 123 44 
153 33 153 44 
176 33 176 43 
180 33 180 41 
182 33 182 42 
183 33 183 43 
186 33 186 44 
187 33 187 40 
194 33 195 37 
29 34 29 45 
39 34 39 45 
41 34 42 38 
47 34 47 45 
55 34 55 44 
74 34 74 44 
85 34 85 45 
89 34 91 37 
130 34 131 38 
156 34 156 43 
161 34 161 43 
173 34 174 38 
178 34 178 44 
185 34 185 45 
192 34 192 41 
14 35 14 44 
17 35 17 46 
22 35 22 43 
31 35 31 46 
32 35 32 44 
43 35 44 40 
48 35 49 39 
67 35 68 40 
99 35 99 46 
108 35 108 46 
124 35 125 39 
136 35 136 46 
157 35 157 46 
171 35 171 42 
188 35 188 46 
1 36 1 44 
28 36 28 45 
40 36 40 47 
45 36 45 44 
58 36 58 44 
70 36 70 47 
76 36 76 45 
81 36 81 44 
83 36 83 46 
84 36 84 47 
92 36 92 44 
97 36 97 47 
117 36 117 46 
120 36 120 47 
122 36 122 47 
134 36 134 47 
146 36 146 47 
162 36 162 46 
166 36 168 38 
169 36 170 41 
172 36 172 47 
184 36 184 43 
196 36 196 46 
4 37 4 47 
11 37 11 48 
25 37 25 47 
38 37 38 47 
46 37 46 46 
62 37 62 47 
75 37 75 48 
78 37 78 47 
98 37 98 47 
103 37 103 46 
113 37 114 42 
116 37 116 48 
135 37 135 48 
139 37 139 47 
145 37 145 47 
155 37 155 46 
164 37 165 41 
189 37 189 47 
19 38 19 49 
30 38 30 49 
59 38 59 49 
60 38 60 48 
89 38 89 49 
90 38 90 48 
91 38 91 47 
101 38 101 48 
110 38 110 49 
129 38 129 49 
151 38 151 47 
194 38 195 43 
3 39 3 50 
7 39 7 50 
41 39 41 49 
50 39 52 42 
64 39 64 48 
69 39 69 50 
71 39 71 48 
72 39 73 43 
102 39 102 48 
104 39 105 43 
130 39 130 48 
131 39 131 48 
133 39 133 50 
143 39 143 46 
144 39 144 47 
148 39 148 49 
160 39 160 49 
166 39 168 42 
173 39 173 49 
174 39 174 50 
179 39 179 46 
181 39 181 50 
193 39 193 48 
198 39 198 50 
12 40 12 51 
18 40 18 48 
20 40 20 49 
42 40 42 51 
49 40 49 50 
56 40 57 44 
80 40 80 51 
82 40 82 51 
94 40 95 43 
106 40 106 50 
118 40 119 44 
124 40 124 51 
128 40 128 51 
138 40 138 51 
158 40 158 50 
5 41 5 49 
6 41 6 52 
15 41 16 45 
21 41 21 52 
43 41 43 52 
44 41 44 51 
48 41 48 52 
53 41 54 44 
66 41 68 44 
100 41 100 52 
115 41 115 51 
125 41 126 45 
137 41 137 49 
149 41 149 52 
150 41 150 51 
159 41 159 50 
197 41 197 49 
8 42 8 51 
35 42 35 52 
61 42 61 52 
112 42 112 53 
140 42 140 52 
141 42 141 53 
147 42 147 53 
163 42 164 47 
169 42 169 52 
170 42 170 49 
180 42 180 53 
192 42 192 52 
33 43 33 53 
37 43 37 53 
50 43 51 47 
52 43 52 53 
63 43 63 53 
86 43 86 54 
87 43 87 51 
93 43 93 50 
107 43 107 53 
109 43 109 54 
111 43 111 53 
127 43 127 52 
132 43 132 54 
165 43 167 46 
171 43 171 50 
175 43 175 52 
177 43 177 50 
191 43 191 53 
0 44 0 55 
2 44 2 52 
9 44 9 55 
13 44 13 55 
22 44 22 53 
23 44 24 49 
26 44 26 53 
34 44 34 54 
65 44 65 55 
72 44 73 49 
77 44 77 54 
88 44 88 54 
94 44 94 55 
95 44 95 55 
96 44 96 54 
104 44 104 52 
105 44 105 51 
113 44 113 55 
156 44 156 52 
161 44 161 54 
183 44 184 49 
187 44 187 55 
190 44 190 53 
194 44 194 53 
195 44 195 51 
199 44 199 55 
1 45 1 54 
10 45 10 53 
14 45 14 53 
27 45 27 54 
32 45 32 55 
36 45 36 56 
45 45 45 56 
53 45 58 46 
66 45 67 49 
68 45 68 55 
74 45 74 52 
79 45 79 52 
81 45 81 56 
92 45 92 56 
114 45 114 56 
118 45 118 54 
119 45 119 56 
123 45 123 53 
152 45 153 49 
154 45 154 56 
178 45 178 54 
186 45 186 55 
15 46 16 51 
28 46 28 55 
29 46 29 57 
39 46 39 56 
85 46 85 56 
126 46 126 54 
17 47 17 57 
46 47 47 51 
53 47 58 48 
83 47 83 56 
99 47 99 58 
103 47 103 56 
108 47 108 57 
117 47 117 57 
142 47 143 52 
155 47 155 58 
157 47 157 58 
162 47 162 56 
165 47 165 56 
166 47 166 57 
167 47 167 55 
176 47 176 58 
179 47 179 58 
185 47 185 58 
188 47 188 56 
196 47 196 56 
4 48 4 57 
25 48 25 58 
38 48 38 57 
40 48 40 56 
50 48 50 59 
51 48 51 57 
62 48 62 59 
70 48 70 58 
78 48 78 57 
84 48 84 55 
91 48 91 59 
97 48 97 56 
98 48 98 57 
120 48 122 51 
139 48 139 58 
144 48 145 53 
146 48 146 58 
151 48 151 55 
164 48 164 59 
172 48 172 57 
189 48 189 55 
11 49 11 58 
18 49 18 58 
31 49 31 60 
53 49 54 54 
55 49 58 51 
60 49 60 60 
64 49 64 59 
71 49 71 60 
75 49 75 59 
90 49 90 57 
101 49 102 54 
116 49 116 59 
130 49 130 60 
131 49 131 60 
134 49 135 52 
136 49 136 60 
193 49 193 59 
5 50 5 60 
19 50 19 60 
20 50 20 61 
23 50 23 61 
24 50 24 61 
30 50 30 61 
41 50 41 61 
59 50 59 58 
66 50 67 55 
72 50 73 55 
76 50 76 61 
110 50 110 58 
129 50 129 61 
137 50 137 59 
148 50 148 59 
152 50 152 61 
153 50 153 58 
160 50 160 61 
168 50 168 61 
170 50 170 61 
173 50 173 59 
184 50 184 59 
3 51 3 62 
7 51 7 62 
49 51 49 61 
69 51 69 61 
93 51 93 62 
106 51 106 62 
133 51 133 61 
158 51 159 55 
171 51 171 59 
174 51 174 59 
177 51 177 61 
181 51 181 60 
197 51 198 56 
8 52 8 61 
15 52 15 62 
16 52 16 61 
42 52 42 61 
44 52 44 60 
46 52 46 63 
47 52 47 61 
55 52 55 62 
56 52 56 63 
57 52 58 56 
80 52 80 63 
82 52 82 62 
87 52 87 62 
105 52 105 62 
115 52 115 61 
120 52 121 57 
122 52 122 60 
124 52 124 60 
128 52 128 62 
138 52 138 61 
150 52 150 60 
195 52 195 61 
2 53 2 64 
6 53 6 64 
12 53 12 64 
21 53 21 64 
35 53 35 63 
43 53 43 63 
48 53 48 63 
61 53 61 62 
74 53 74 64 
79 53 79 64 
89 53 89 64 
100 53 100 60 
104 53 104 64 
134 53 134 62 
135 53 135 63 
142 53 143 58 
156 53 156 63 
163 53 163 64 
169 53 169 62 
175 53 175 61 
192 53 192 61 
10 54 10 63 
14 54 14 63 
22 54 22 65 
26 54 26 64 
33 54 33 63 
37 54 37 64 
52 54 52 63 
63 54 63 63 
107 54 107 63 
111 54 111 64 
112 54 112 63 
123 54 123 65 
127 54 127 65 
140 54 141 58 
144 54 145 59 
147 54 147 63 
180 54 180 65 
190 54 191 59 
194 54 194 65 
1 55 1 65 
27 55 27 66 
34 55 34 64 
53 55 54 60 
77 55 77 63 
86 55 86 66 
88 55 88 66 
96 55 96 65 
101 55 101 66 
102 55 102 64 
109 55 109 63 
118 55 118 65 
125 55 126 60 
132 55 132 64 
149 55 149 66 
178 55 178 65 
182 55 182 66 
183 55 183 66 
0 56 0 66 
13 56 13 66 
28 56 28 63 
32 56 32 65 
65 56 66 61 
67 56 67 67 
68 56 68 67 
72 56 73 60 
94 56 94 67 
95 56 95 67 
113 56 113 66 
151 56 151 67 
158 56 158 67 
159 56 159 67 
161 56 161 67 
167 56 167 64 
186 56 186 66 
187 56 187 64 
189 56 189 67 
199 56 199 64 
9 57 9 68 
36 57 36 68 
39 57 40 62 
45 57 45 68 
57 57 58 62 
81 57 81 68 
83 57 84 62 
85 57 85 64 
92 57 92 66 
97 57 97 66 
103 57 103 67 
114 57 114 65 
119 57 119 67 
154 57 154 65 
165 57 165 66 
188 57 188 68 
196 57 197 61 
198 57 198 67 
4 58 4 66 
17 58 17 66 
29 58 29 68 
38 58 38 67 
78 58 78 69 
90 58 90 68 
98 58 98 69 
108 58 108 69 
117 58 117 67 
120 58 120 69 
121 58 121 69 
162 58 162 69 
166 58 166 69 
172 58 172 69 
11 59 11 70 
18 59 18 67 
59 59 59 69 
70 59 70 69 
99 59 99 70 
139 59 140 64 
141 59 142 63 
146 59 146 70 
153 59 153 70 
155 59 155 70 
157 59 157 70 
179 59 179 69 
185 59 185 69 
25 60 25 71 
50 60 51 64 
62 60 62 69 
75 60 75 71 
91 60 91 70 
116 60 116 70 
137 60 137 71 
143 60 144 64 
145 60 145 71 
148 60 148 70 
171 60 171 71 
173 60 173 71 
174 60 174 68 
176 60 176 71 
184 60 184 71 
190 60 190 70 
191 60 191 69 
193 60 193 68 
5 61 5 72 
19 61 19 71 
31 61 31 71 
53 61 54 66 
60 61 60 71 
71 61 71 68 
72 61 72 72 
73 61 73 72 
100 61 100 69 
122 61 122 68 
124 61 124 70 
125 61 126 65 
130 61 131 65 
136 61 136 72 
181 61 181 71 
8 62 8 72 
16 62 16 71 
20 62 20 72 
23 62 24 66 
30 62 30 71 
41 62 42 66 
47 62 47 72 
64 62 66 65 
69 62 69 73 
76 62 76 70 
115 62 115 69 
129 62 129 73 
133 62 133 72 
138 62 138 72 
152 62 152 73 
160 62 160 70 
168 62 168 73 
170 62 170 71 
175 62 175 72 
177 62 177 71 
192 62 192 73 
195 62 195 72 
196 62 196 71 
197 62 197 73 
7 63 7 72 
15 63 15 72 
39 63 39 74 
40 63 40 73 
44 63 44 74 
55 63 55 74 
57 63 57 72 
58 63 58 74 
61 63 61 74 
82 63 84 66 
87 63 87 74 
93 63 93 72 
105 63 105 70 
106 63 106 73 
110 63 110 74 
128 63 128 73 
134 63 134 73 
150 63 150 74 
169 63 169 73 
3 64 3 75 
10 64 10 75 
14 64 14 72 
28 64 28 74 
33 64 33 72 
46 64 46 73 
48 64 48 75 
56 64 56 75 
77 64 77 74 
80 64 80 75 
107 64 107 75 
109 64 109 75 
112 64 112 74 
135 64 135 74 
141 64 142 68 
147 64 147 74 
164 64 164 75 
12 65 12 76 
21 65 21 75 
26 65 26 75 
34 65 35 68 
49 65 50 70 
51 65 51 74 
74 65 74 74 
79 65 79 75 
85 65 85 74 
89 65 89 75 
111 65 111 74 
132 65 132 74 
139 65 139 76 
140 65 140 74 
143 65 144 69 
156 65 156 76 
163 65 163 74 
167 65 167 74 
187 65 187 76 
199 65 199 72 
1 66 2 71 
22 66 22 76 
32 66 32 77 
37 66 37 77 
63 66 65 69 
114 66 114 74 
118 66 118 77 
123 66 123 74 
125 66 126 71 
127 66 127 75 
130 66 131 71 
154 66 154 76 
178 66 178 77 
180 66 180 73 
194 66 194 75 
0 67 0 78 
6 67 6 78 
13 67 13 77 
17 67 17 75 
23 67 23 74 
24 67 24 78 
41 67 42 70 
53 67 53 76 
54 67 54 77 
66 67 66 78 
82 67 82 77 
83 67 83 74 
84 67 84 77 
88 67 88 77 
92 67 92 78 
96 67 96 78 
101 67 101 78 
102 67 102 78 
113 67 113 78 
149 67 149 78 
165 67 165 78 
182 67 182 78 
183 67 183 76 
186 67 186 77 
4 68 4 79 
38 68 38 79 
67 68 67 75 
68 68 68 76 
94 68 95 71 
97 68 97 79 
103 68 103 77 
104 68 104 79 
117 68 117 77 
119 68 119 79 
151 68 151 79 
158 68 159 73 
161 68 161 78 
189 68 189 76 
198 68 198 76 
9 69 9 80 
29 69 29 80 
34 69 34 80 
35 69 35 80 
36 69 36 79 
43 69 43 80 
45 69 45 78 
71 69 71 79 
90 69 90 79 
122 69 122 80 
141 69 142 74 
174 69 174 79 
188 69 188 79 
193 69 193 80 
52 70 52 81 
59 70 59 79 
62 70 63 75 
64 70 65 75 
70 70 70 78 
78 70 78 80 
98 70 98 81 
100 70 100 80 
108 70 108 80 
120 70 120 81 
144 70 144 79 
162 70 162 78 
166 70 166 80 
172 70 172 80 
179 70 179 77 
185 70 185 81 
11 71 11 82 
18 71 18 82 
41 71 42 75 
49 71 50 75 
76 71 76 82 
81 71 81 82 
86 71 86 82 
91 71 91 81 
115 71 116 74 
121 71 121 82 
124 71 124 82 
143 71 143 82 
146 71 146 81 
153 71 153 81 
155 71 155 81 
157 71 157 82 
160 71 160 81 
190 71 190 78 
1 72 1 83 
2 72 2 81 
16 72 16 83 
19 72 19 80 
25 72 25 83 
30 72 31 77 
60 72 60 82 
75 72 75 83 
94 72 94 83 
95 72 95 83 
125 72 126 77 
130 72 130 83 
131 72 131 82 
137 72 137 83 
145 72 145 80 
170 72 170 83 
171 72 171 79 
173 72 173 80 
176 72 177 77 
181 72 181 82 
191 72 191 83 
196 72 196 81 
5 73 5 83 
7 73 7 83 
14 73 15 76 
20 73 20 82 
33 73 33 84 
47 73 47 81 
57 73 57 84 
72 73 72 84 
73 73 73 83 
99 73 99 84 
105 73 105 84 
136 73 136 82 
138 73 138 84 
148 73 148 84 
175 73 175 82 
195 73 195 82 
8 74 8 85 
27 74 27 85 
46 74 46 85 
69 74 69 83 
106 74 106 84 
128 74 128 85 
133 74 134 79 
152 74 152 83 
158 74 158 83 
159 74 159 84 
168 74 168 82 
169 74 169 84 
180 74 180 82 
192 74 192 83 
23 75 23 83 
39 75 39 86 
40 75 40 86 
58 75 58 85 
61 75 61 86 
74 75 74 84 
77 75 77 86 
83 75 83 85 
85 75 85 85 
87 75 87 86 
110 75 112 78 
114 75 116 77 
132 75 132 86 
135 75 135 84 
140 75 141 79 
142 75 142 85 
167 75 167 85 
3 76 3 87 
10 76 10 83 
17 76 17 85 
21 76 21 86 
26 76 26 83 
41 76 42 81 
44 76 44 87 
48 76 48 83 
49 76 49 84 
50 76 51 80 
55 76 56 81 
62 76 64 79 
65 76 65 85 
67 76 67 86 
79 76 80 81 
89 76 89 87 
107 76 107 85 
127 76 127 87 
150 76 150 87 
163 76 164 80 
194 76 194 86 
197 76 197 87 
14 77 14 88 
15 77 15 87 
22 77 22 88 
53 77 53 86 
68 77 68 88 
93 77 93 88 
109 77 109 88 
139 77 139 86 
156 77 156 88 
183 77 183 85 
187 77 187 87 
189 77 189 87 
12 78 12 89 
13 78 13 88 
30 78 32 81 
37 78 37 89 
54 78 54 87 
88 78 88 89 
103 78 103 87 
114 78 114 89 
115 78 115 87 
116 78 116 85 
117 78 117 85 
118 78 118 87 
125 78 126 83 
154 78 154 89 
176 78 176 87 
177 78 177 87 
178 78 178 88 
179 78 179 88 
186 78 186 86 
198 78 198 89 
0 79 0 87 
6 79 6 90 
24 79 24 86 
66 79 66 90 
70 79 70 88 
92 79 92 86 
96 79 96 89 
101 79 102 82 
110 79 112 82 
113 79 113 90 
149 79 149 90 
161 79 162 84 
182 79 182 90 
38 80 38 90 
59 80 59 91 
62 80 64 82 
71 80 71 91 
90 80 90 89 
97 80 97 90 
104 80 104 89 
119 80 119 91 
134 80 134 90 
140 80 140 91 
141 80 141 91 
147 80 147 91 
151 80 151 90 
171 80 171 90 
174 80 174 91 
188 80 188 89 
9 81 9 91 
19 81 19 92 
29 81 29 91 
34 81 34 92 
35 81 36 85 
43 81 43 92 
50 81 50 88 
51 81 51 91 
78 81 78 89 
100 81 100 90 
108 81 108 91 
122 81 122 88 
129 81 129 92 
145 81 145 89 
163 81 165 83 
172 81 173 85 
193 81 193 92 
2 82 2 91 
30 82 30 91 
31 82 31 93 
32 82 32 91 
41 82 41 92 
45 82 45 93 
47 82 47 93 
52 82 52 93 
56 82 56 93 
79 82 80 87 
82 82 82 93 
91 82 91 93 
98 82 98 93 
120 82 120 92 
146 82 146 93 
153 82 153 93 
155 82 155 92 
160 82 160 90 
166 82 166 93 
184 82 184 93 
185 82 185 93 
190 82 190 93 
196 82 196 93 
199 82 199 93 
11 83 11 91 
18 83 18 93 
20 83 20 92 
60 83 60 93 
62 83 64 86 
81 83 81 90 
84 83 84 94 
86 83 86 91 
101 83 102 88 
110 83 111 88 
112 83 112 94 
121 83 121 90 
123 83 123 94 
124 83 124 94 
131 83 131 94 
136 83 136 93 
143 83 143 92 
157 83 157 91 
168 83 168 94 
175 83 175 94 
180 83 180 91 
181 83 181 94 
195 83 195 93 
1 84 1 92 
4 84 4 95 
5 84 5 94 
7 84 7 94 
10 84 10 94 
16 84 16 95 
23 84 23 92 
25 84 26 89 
42 84 42 95 
48 84 48 94 
55 84 55 95 
69 84 69 94 
73 84 73 94 
94 84 94 95 
95 84 95 93 
126 84 126 91 
130 84 130 94 
133 84 133 95 
152 84 152 95 
158 84 158 93 
163 84 164 89 
170 84 170 93 
191 84 191 95 
33 85 33 96 
49 85 49 93 
57 85 57 96 
72 85 72 96 
74 85 74 93 
99 85 99 96 
105 85 106 89 
138 85 138 95 
159 85 159 96 
161 85 162 89 
8 86 8 96 
17 86 17 97 
27 86 28 91 
35 86 35 94 
36 86 36 95 
46 86 46 97 
58 86 58 94 
65 86 65 97 
76 86 76 97 
83 86 83 97 
85 86 85 97 
107 86 107 93 
116 86 117 91 
128 86 128 94 
142 86 142 97 
144 86 144 97 
167 86 167 96 
172 86 172 97 
173 86 173 95 
183 86 183 97 
21 87 21 95 
24 87 24 95 
39 87 40 92 
53 87 53 96 
61 87 61 97 
62 87 62 95 
63 87 64 92 
67 87 67 95 
77 87 77 97 
87 87 87 96 
92 87 92 94 
125 87 125 98 
132 87 132 98 
135 87 135 98 
186 87 186 98 
194 87 194 98 
0 88 0 99 
3 88 3 97 
15 88 15 99 
44 88 44 98 
54 88 54 96 
79 88 79 99 
80 88 80 97 
89 88 89 99 
103 88 103 99 
115 88 115 99 
150 88 150 98 
176 88 176 99 
177 88 177 96 
189 88 189 97 
197 88 197 99 
13 89 14 93 
22 89 22 99 
50 89 50 99 
70 89 70 99 
93 89 93 100 
101 89 101 100 
102 89 102 98 
109 89 110 92 
111 89 111 100 
122 89 122 97 
156 89 156 100 
169 89 169 100 
178 89 178 99 
179 89 179 100 
12 90 12 101 
25 90 26 95 
37 90 37 97 
78 90 78 101 
88 90 88 101 
90 90 90 99 
96 90 96 98 
104 90 104 98 
105 90 105 98 
106 90 106 98 
114 90 114 100 
127 90 127 101 
154 90 154 101 
161 90 162 95 
163 90 164 95 
188 90 188 101 
198 90 198 101 
6 91 6 99 
38 91 38 102 
68 91 68 102 
81 91 81 102 
97 91 97 102 
100 91 100 102 
113 91 113 102 
121 91 121 102 
134 91 134 101 
137 91 137 102 
148 91 149 96 
151 91 151 102 
160 91 160 100 
171 91 171 101 
182 91 182 101 
2 92 2 99 
11 92 11 101 
27 92 28 97 
29 92 29 101 
30 92 30 101 
32 92 32 100 
51 92 51 101 
59 92 59 102 
66 92 66 103 
71 92 71 103 
108 92 108 101 
116 92 117 96 
118 92 119 97 
126 92 126 103 
139 92 141 94 
147 92 147 103 
157 92 157 99 
174 92 174 103 
180 92 180 101 
1 93 1 101 
19 93 19 104 
23 93 23 104 
39 93 39 103 
40 93 40 104 
41 93 41 102 
43 93 43 104 
63 93 63 101 
64 93 64 103 
75 93 75 104 
109 93 109 102 
110 93 110 103 
120 93 120 104 
129 93 129 100 
145 93 145 104 
155 93 155 104 
192 93 193 97 
13 94 13 104 
14 94 14 104 
18 94 18 101 
31 94 31 104 
45 94 45 105 
47 94 47 104 
49 94 49 102 
52 94 52 105 
56 94 56 104 
74 94 74 105 
82 94 82 103 
86 94 86 105 
91 94 91 104 
136 94 136 105 
143 94 143 105 
146 94 146 101 
153 94 153 103 
158 94 158 102 
165 94 166 99 
170 94 170 105 
184 94 185 97 
190 94 190 105 
195 94 196 99 
5 95 5 105 
7 95 7 106 
9 95 10 99 
20 95 20 106 
35 95 35 105 
48 95 48 106 
58 95 58 104 
84 95 84 106 
92 95 92 105 
107 95 107 106 
112 95 112 106 
123 95 123 104 
124 95 124 105 
128 95 128 102 
130 95 130 106 
131 95 131 102 
139 95 141 98 
168 95 168 104 
175 95 175 102 
181 95 181 104 
187 95 187 106 
16 96 16 107 
21 96 21 104 
24 96 24 105 
25 96 25 105 
26 96 26 107 
42 96 42 107 
55 96 55 107 
67 96 67 107 
73 96 73 107 
94 96 95 101 
98 96 98 107 
161 96 161 105 
162 96 164 98 
191 96 191 107 
8 97 8 108 
33 97 33 107 
53 97 53 107 
54 97 54 107 
72 97 72 105 
87 97 87 106 
99 97 99 105 
116 97 117 101 
148 97 148 108 
149 97 149 108 
159 97 159 107 
167 97 167 107 
177 97 177 106 
199 97 199 108 
3 98 3 108 
4 98 4 109 
17 98 17 109 
28 98 28 108 
36 98 37 101 
60 98 62 101 
65 98 65 109 
69 98 69 109 
76 98 76 107 
80 98 80 109 
83 98 83 105 
118 98 119 102 
133 98 133 109 
138 98 138 109 
142 98 142 108 
172 98 172 108 
173 98 173 109 
183 98 183 109 
184 98 184 109 
185 98 185 106 
192 98 192 106 
193 98 193 108 
44 99 44 106 
77 99 77 110 
96 99 96 109 
104 99 104 107 
105 99 106 104 
122 99 122 110 
125 99 125 108 
132 99 132 108 
135 99 135 110 
139 99 139 109 
140 99 140 110 
141 99 141 107 
150 99 150 107 
162 99 162 109 
163 99 163 108 
164 99 164 107 
186 99 186 108 
189 99 189 110 
194 99 194 110 
0 100 0 109 
2 100 2 111 
9 100 9 111 
10 100 10 109 
15 100 15 111 
22 100 22 110 
27 100 27 111 
50 100 50 109 
70 100 70 111 
79 100 79 108 
85 100 85 111 
89 100 90 105 
115 100 115 110 
152 100 152 111 
157 100 157 110 
165 100 166 105 
176 100 176 109 
178 100 178 109 
195 100 195 111 
196 100 197 105 
32 101 32 111 
57 101 57 112 
93 101 93 110 
101 101 101 112 
111 101 111 109 
114 101 114 111 
129 101 129 111 
156 101 156 111 
160 101 160 112 
169 101 169 112 
179 101 179 110 
1 102 1 113 
12 102 12 113 
18 102 18 111 
29 102 29 111 
30 102 30 113 
37 102 37 112 
51 102 51 113 
60 102 60 110 
61 102 61 111 
62 102 62 110 
63 102 63 112 
78 102 78 110 
88 102 88 113 
94 102 94 112 
95 102 95 111 
108 102 108 111 
116 102 116 109 
117 102 117 112 
127 102 127 112 
134 102 134 111 
154 102 154 109 
171 102 171 113 
180 102 180 113 
182 102 182 113 
188 102 188 113 
198 102 198 110 
34 103 34 114 
38 103 38 114 
41 103 41 111 
49 103 49 113 
59 103 59 114 
68 103 68 114 
81 103 81 114 
103 103 103 114 
109 103 109 112 
118 103 118 113 
119 103 119 112 
121 103 121 112 
128 103 128 114 
131 103 131 114 
151 103 151 111 
158 103 158 111 
175 103 175 112 
39 104 39 112 
64 104 64 115 
66 104 66 114 
71 104 71 115 
110 104 110 115 
126 104 126 115 
146 104 147 109 
153 104 153 112 
174 104 174 115 
6 105 6 116 
13 105 13 113 
14 105 14 114 
19 105 19 116 
21 105 21 116 
23 105 23 115 
31 105 31 116 
36 105 36 116 
43 105 43 116 
47 105 47 113 
56 105 56 114 
91 105 91 112 
102 105 102 116 
105 105 105 116 
106 105 106 114 
120 105 120 113 
123 105 123 116 
144 105 145 109 
155 105 155 114 
181 105 181 116 
5 106 5 115 
11 106 11 117 
24 106 25 110 
35 106 35 117 
45 106 46 111 
72 106 72 116 
74 106 74 115 
82 106 82 117 
83 106 83 117 
86 106 86 115 
89 106 89 116 
90 106 90 117 
92 106 92 115 
99 106 100 111 
113 106 113 117 
124 106 124 117 
136 106 136 116 
143 106 143 115 
161 106 161 115 
165 106 165 117 
166 106 166 114 
168 106 168 117 
170 106 170 114 
196 106 196 117 
197 106 197 116 
7 107 7 115 
20 107 20 116 
44 107 44 115 
84 107 84 117 
87 107 87 116 
107 107 107 117 
112 107 112 115 
130 107 130 118 
177 107 177 118 
185 107 185 118 
187 107 187 115 
16 108 16 116 
33 108 33 119 
42 108 42 119 
52 108 55 110 
58 108 58 119 
67 108 67 119 
73 108 73 119 
75 108 75 119 
76 108 76 119 
141 108 141 115 
159 108 159 119 
164 108 164 115 
167 108 167 117 
191 108 192 112 
3 109 3 118 
8 109 8 120 
28 109 28 118 
79 109 79 120 
125 109 125 119 
132 109 132 120 
142 109 142 118 
148 109 148 120 
149 109 149 117 
163 109 163 120 
172 109 172 117 
186 109 186 117 
190 109 190 120 
193 109 193 120 
0 110 0 120 
4 110 4 117 
10 110 10 121 
50 110 50 121 
65 110 65 121 
96 110 98 113 
104 110 104 121 
111 110 111 118 
116 110 116 118 
133 110 133 121 
137 110 138 115 
139 110 139 119 
144 110 144 119 
145 110 145 120 
146 110 147 114 
154 110 154 121 
162 110 162 120 
176 110 176 117 
178 110 178 121 
183 110 184 114 
22 111 22 122 
24 111 26 113 
52 111 55 113 
62 111 62 118 
93 111 93 119 
115 111 115 122 
122 111 122 120 
135 111 135 122 
140 111 140 122 
157 111 157 120 
179 111 179 121 
189 111 189 122 
194 111 194 121 
198 111 199 116 
2 112 2 119 
9 112 9 119 
15 112 15 121 
18 112 18 120 
27 112 27 121 
29 112 29 121 
40 112 41 116 
45 112 45 122 
46 112 46 123 
69 112 70 117 
95 112 95 122 
99 112 99 122 
100 112 100 123 
108 112 108 123 
114 112 114 122 
129 112 129 123 
134 112 134 120 
150 112 151 117 
152 112 152 120 
156 112 156 120 
158 112 158 122 
195 112 195 122 
37 113 37 123 
39 113 39 120 
57 113 57 123 
63 113 63 124 
91 113 91 122 
94 113 94 122 
117 113 117 123 
121 113 121 123 
127 113 127 122 
153 113 153 122 
160 113 160 122 
169 113 169 124 
175 113 175 123 
191 113 191 124 
1 114 1 124 
12 114 13 117 
24 114 24 123 
25 114 26 117 
30 114 30 125 
47 114 47 125 
49 114 49 125 
51 114 51 125 
52 114 52 124 
53 114 54 118 
80 114 80 125 
88 114 88 125 
96 114 97 119 
98 114 98 125 
101 114 101 125 
118 114 118 124 
120 114 120 125 
171 114 171 125 
173 114 173 125 
180 114 180 123 
182 114 182 122 
188 114 188 124 
14 115 14 125 
17 115 17 126 
34 115 34 123 
38 115 38 123 
48 115 48 126 
55 115 56 120 
59 115 59 124 
61 115 61 126 
66 115 66 126 
68 115 68 123 
78 115 78 126 
81 115 81 124 
106 115 106 125 
128 115 128 124 
146 115 146 122 
147 115 147 125 
155 115 155 126 
170 115 170 126 
183 115 183 125 
184 115 184 124 
192 115 192 126 
5 116 5 127 
7 116 7 126 
44 116 44 126 
64 116 64 125 
71 116 71 127 
74 116 74 126 
85 116 86 121 
109 116 110 121 
112 116 112 125 
119 116 119 127 
131 116 131 127 
138 116 138 126 
141 116 141 125 
143 116 143 126 
161 116 161 127 
164 116 164 126 
174 116 174 126 
187 116 187 127 
6 117 6 127 
16 117 16 128 
19 117 20 122 
21 117 21 127 
31 117 31 128 
36 117 36 125 
40 117 41 122 
72 117 72 127 
77 117 77 128 
89 117 89 125 
102 117 103 122 
105 117 105 128 
126 117 126 128 
181 117 181 127 
197 117 197 128 
198 117 199 120 
12 118 12 129 
13 118 13 128 
25 118 25 129 
26 118 26 129 
32 118 32 129 
35 118 35 127 
43 118 43 129 
60 118 60 129 
69 118 69 128 
70 118 70 127 
82 118 82 125 
83 118 83 127 
84 118 84 129 
90 118 90 128 
107 118 107 127 
113 118 113 125 
123 118 124 122 
149 118 149 127 
150 118 151 123 
165 118 165 126 
166 118 167 123 
172 118 172 128 
176 118 176 129 
186 118 186 126 
196 118 196 129 
3 119 3 128 
11 119 11 130 
53 119 53 126 
54 119 54 129 
111 119 111 129 
116 119 116 127 
130 119 130 130 
136 119 136 130 
142 119 142 128 
177 119 177 130 
185 119 185 129 
2 120 2 131 
4 120 4 131 
9 120 9 131 
23 120 23 131 
33 120 33 129 
42 120 42 131 
58 120 58 130 
67 120 67 129 
73 120 73 128 
75 120 76 125 
87 120 87 131 
92 120 93 125 
96 120 97 125 
125 120 125 127 
139 120 139 131 
144 120 144 131 
159 120 159 130 
0 121 0 132 
8 121 8 131 
18 121 18 132 
39 121 39 128 
55 121 56 125 
79 121 79 132 
122 121 122 129 
132 121 132 131 
134 121 134 129 
137 121 137 132 
145 121 145 132 
148 121 148 130 
152 121 152 130 
156 121 156 132 
162 121 163 125 
168 121 168 132 
193 121 193 128 
198 121 198 132 
199 121 199 132 
10 122 10 133 
15 122 15 133 
27 122 27 132 
29 122 29 132 
50 122 50 133 
65 122 65 132 
85 122 85 132 
86 122 86 131 
104 122 104 132 
109 122 109 132 
110 122 110 132 
133 122 133 132 
154 122 154 133 
178 122 178 133 
194 122 194 131 
19 123 20 128 
22 123 22 133 
40 123 40 134 
41 123 41 134 
45 123 45 133 
91 123 91 133 
94 123 94 132 
95 123 95 131 
99 123 99 134 
102 123 103 126 
114 123 115 128 
123 123 124 127 
127 123 127 132 
140 123 140 132 
146 123 146 133 
153 123 153 134 
157 123 157 134 
160 123 160 134 
189 123 189 132 
195 123 195 134 
24 124 24 133 
34 124 34 132 
37 124 38 127 
46 124 46 135 
68 124 68 132 
100 124 100 132 
117 124 117 135 
121 124 121 135 
150 124 150 135 
151 124 151 133 
158 124 158 135 
166 124 166 134 
167 124 167 133 
175 124 175 134 
180 124 180 135 
52 125 52 135 
57 125 57 136 
59 125 59 135 
62 125 63 130 
81 125 81 135 
118 125 118 136 
128 125 129 128 
169 125 169 135 
184 125 184 135 
188 125 188 133 
190 125 191 128 
14 126 14 137 
30 126 30 136 
36 126 36 136 
47 126 47 136 
49 126 49 136 
51 126 51 137 
55 126 55 134 
56 126 56 134 
64 126 64 135 
75 126 75 134 
76 126 76 137 
80 126 80 137 
82 126 82 136 
88 126 89 131 
92 126 92 136 
93 126 93 137 
96 126 96 133 
97 126 97 136 
98 126 98 135 
101 126 101 135 
106 126 106 135 
112 126 112 135 
113 126 113 136 
120 126 120 137 
141 126 141 134 
147 126 147 137 
162 126 162 135 
163 126 163 136 
171 126 171 137 
173 126 173 137 
183 126 183 137 
7 127 7 137 
17 127 17 136 
44 127 44 137 
48 127 48 138 
53 127 53 135 
61 127 61 138 
66 127 66 136 
74 127 74 138 
78 127 78 138 
102 127 102 136 
103 127 103 136 
138 127 138 136 
143 127 143 137 
155 127 155 138 
164 127 164 138 
165 127 165 138 
170 127 170 135 
174 127 174 136 
179 127 179 138 
186 127 186 136 
192 127 192 137 
1 128 1 139 
5 128 6 131 
21 128 21 139 
35 128 35 139 
37 128 37 139 
38 128 38 138 
70 128 72 130 
83 128 83 138 
107 128 108 133 
116 128 116 135 
123 128 123 138 
124 128 125 133 
161 128 161 139 
181 128 181 139 
182 128 182 139 
187 128 187 138 
3 129 3 139 
13 129 13 139 
19 129 19 139 
31 129 31 140 
39 129 39 139 
69 129 69 137 
73 129 73 136 
77 129 77 140 
90 129 90 140 
105 129 105 140 
114 129 114 140 
115 129 115 138 
126 129 126 140 
128 129 129 134 
131 129 131 140 
142 129 142 136 
172 129 172 138 
190 129 191 134 
193 129 193 138 
197 129 197 138 
12 130 12 139 
25 130 26 135 
32 130 32 141 
33 130 33 141 
43 130 43 138 
54 130 54 141 
60 130 60 140 
67 130 67 140 
84 130 84 141 
111 130 111 139 
122 130 122 141 
134 130 135 135 
176 130 176 141 
185 130 185 141 
196 130 196 141 
11 131 11 141 
62 131 62 142 
63 131 63 142 
70 131 72 134 
119 131 119 142 
136 131 136 142 
152 131 152 142 
159 131 159 142 
177 131 177 141 
2 132 2 142 
4 132 4 143 
5 132 5 142 
6 132 6 141 
8 132 8 142 
9 132 9 141 
16 132 16 143 
23 132 23 142 
42 132 42 143 
86 132 89 134 
95 132 95 143 
132 132 132 141 
139 132 139 142 
144 132 144 140 
148 132 149 137 
194 132 194 142 
0 133 0 141 
18 133 18 142 
27 133 27 144 
29 133 29 142 
34 133 34 143 
65 133 65 143 
68 133 68 144 
79 133 79 144 
85 133 85 142 
94 133 94 144 
100 133 100 144 
104 133 104 140 
109 133 110 138 
127 133 127 143 
133 133 133 144 
137 133 137 140 
140 133 140 143 
145 133 145 141 
156 133 156 144 
168 133 168 144 
198 133 198 144 
10 134 10 145 
15 134 15 144 
20 134 20 145 
22 134 22 142 
24 134 24 143 
28 134 28 145 
45 134 45 142 
50 134 50 143 
91 134 91 142 
96 134 96 145 
107 134 107 144 
108 134 108 145 
124 134 125 139 
146 134 146 144 
151 134 151 142 
154 134 154 145 
167 134 167 143 
188 134 188 144 
199 134 199 145 
40 135 40 145 
55 135 56 139 
70 135 70 146 
71 135 71 145 
72 135 72 145 
75 135 75 145 
86 135 86 145 
87 135 88 140 
89 135 89 146 
99 135 99 142 
128 135 128 142 
129 135 130 138 
141 135 141 144 
157 135 157 145 
160 135 160 144 
166 135 166 145 
175 135 175 146 
189 135 190 140 
191 135 191 145 
195 135 195 146 
25 136 26 140 
46 136 46 145 
52 136 52 147 
53 136 53 147 
58 136 58 147 
59 136 59 147 
64 136 64 146 
81 136 81 143 
98 136 98 146 
101 136 101 147 
106 136 106 144 
112 136 112 144 
116 136 117 140 
121 136 121 147 
134 136 135 141 
150 136 150 144 
158 136 158 145 
162 136 162 147 
169 136 169 146 
170 136 170 146 
180 136 180 147 
184 136 184 147 
17 137 17 147 
30 137 30 147 
36 137 36 147 
41 137 41 148 
47 137 47 148 
49 137 49 147 
66 137 66 147 
73 137 73 145 
82 137 82 148 
97 137 97 148 
102 137 102 146 
103 137 103 147 
118 137 118 147 
138 137 138 147 
142 137 142 146 
153 137 153 148 
163 137 163 148 
174 137 174 148 
186 137 186 147 
7 138 7 145 
69 138 69 147 
76 138 76 148 
80 138 80 149 
92 138 93 141 
120 138 120 148 
143 138 143 148 
147 138 149 141 
171 138 171 149 
173 138 173 148 
183 138 183 148 
192 138 192 148 
38 139 38 149 
43 139 43 149 
51 139 51 150 
61 139 61 150 
74 139 74 148 
78 139 78 147 
83 139 83 148 
109 139 109 146 
115 139 115 149 
123 139 123 149 
129 139 129 150 
155 139 155 149 
164 139 164 150 
165 139 165 148 
172 139 172 149 
179 139 179 149 
187 139 187 148 
193 139 193 149 
197 139 197 150 
1 140 1 150 
3 140 3 150 
12 140 12 149 
13 140 14 145 
19 140 19 150 
21 140 21 151 
35 140 35 149 
37 140 37 149 
39 140 39 150 
48 140 48 151 
55 140 56 144 
110 140 111 144 
124 140 124 149 
130 140 130 151 
161 140 161 150 
181 140 181 151 
182 140 182 151 
25 141 26 145 
31 141 31 149 
44 141 44 152 
60 141 60 152 
67 141 67 152 
87 141 88 146 
104 141 104 148 
105 141 105 151 
113 141 113 152 
114 141 114 152 
116 141 116 152 
117 141 117 150 
125 141 126 145 
131 141 131 148 
137 141 137 150 
144 141 144 149 
189 141 189 150 
190 141 190 149 
0 142 0 151 
6 142 6 153 
11 142 11 153 
32 142 32 153 
33 142 33 151 
54 142 54 150 
84 142 84 153 
92 142 92 153 
93 142 93 153 
132 142 132 152 
134 142 134 153 
135 142 135 150 
145 142 145 151 
147 142 148 146 
149 142 149 150 
176 142 176 152 
177 142 177 153 
185 142 185 153 
2 143 2 153 
5 143 5 153 
8 143 8 153 
18 143 18 154 
22 143 22 151 
23 143 23 153 
29 143 29 151 
45 143 45 152 
57 143 57 154 
62 143 63 148 
85 143 85 151 
90 143 91 147 
99 143 99 151 
119 143 119 154 
122 143 122 154 
128 143 128 152 
136 143 136 154 
139 143 139 153 
151 143 152 147 
4 144 4 152 
9 144 9 155 
16 144 16 155 
24 144 24 155 
34 144 34 155 
42 144 42 152 
65 144 65 153 
95 144 95 154 
127 144 127 154 
140 144 140 155 
167 144 167 154 
15 145 15 155 
27 145 27 152 
50 145 50 156 
55 145 56 150 
68 145 68 155 
79 145 79 154 
94 145 94 154 
100 145 100 155 
106 145 106 154 
107 145 107 153 
110 145 112 148 
133 145 133 155 
141 145 141 155 
146 145 146 154 
150 145 150 156 
156 145 156 155 
160 145 160 152 
178 145 178 156 
188 145 188 155 
7 146 7 156 
10 146 10 155 
13 146 14 150 
25 146 26 150 
40 146 40 153 
46 146 46 155 
71 146 71 157 
86 146 86 157 
96 146 96 157 
108 146 108 155 
125 146 125 157 
126 146 126 157 
154 146 154 156 
157 146 157 157 
158 146 158 155 
166 146 166 157 
168 146 168 157 
198 146 198 157 
199 146 199 154 
64 147 64 155 
70 147 70 158 
87 147 87 158 
88 147 88 156 
89 147 89 157 
98 147 98 154 
102 147 102 156 
109 147 109 158 
142 147 142 155 
147 147 148 152 
169 147 169 157 
170 147 170 156 
175 147 175 157 
194 147 196 149 
17 148 17 158 
28 148 28 159 
30 148 30 159 
36 148 36 157 
49 148 49 158 
52 148 52 157 
53 148 53 158 
58 148 59 153 
66 148 66 155 
69 148 69 156 
90 148 91 152 
103 148 103 159 
118 148 118 159 
121 148 121 159 
151 148 152 153 
159 148 159 159 
162 148 162 159 
184 148 184 159 
186 148 186 155 
20 149 20 160 
41 149 41 156 
47 149 47 159 
62 149 62 160 
63 149 63 157 
72 149 74 151 
75 149 78 151 
81 149 82 154 
83 149 83 159 
104 149 104 159 
110 149 112 151 
131 149 131 157 
143 149 143 159 
153 149 153 160 
163 149 163 157 
165 149 165 158 
173 149 174 154 
183 149 183 158 
187 149 187 156 
191 149 192 152 
12 150 12 159 
35 150 35 159 
37 150 38 155 
43 150 43 161 
80 150 80 158 
97 150 97 161 
115 150 115 161 
120 150 120 161 
123 150 123 161 
124 150 124 161 
138 150 138 161 
144 150 144 161 
155 150 155 160 
171 150 171 161 
172 150 172 160 
179 150 179 161 
180 150 180 161 
190 150 190 160 
193 150 196 152 
1 151 1 160 
3 151 3 160 
13 151 14 156 
19 151 19 162 
25 151 26 156 
39 151 39 162 
54 151 54 161 
55 151 56 154 
61 151 61 161 
117 151 117 160 
135 151 135 162 
137 151 137 159 
149 151 149 161 
161 151 161 161 
164 151 164 158 
189 151 189 161 
197 151 197 161 
0 152 0 163 
21 152 21 162 
22 152 22 162 
29 152 29 163 
31 152 31 163 
33 152 33 163 
48 152 48 161 
72 152 74 154 
77 152 77 162 
78 152 78 163 
85 152 85 160 
99 152 99 162 
105 152 105 163 
110 152 112 155 
129 152 129 163 
130 152 130 160 
181 152 181 162 
182 152 182 163 
4 153 4 164 
42 153 42 164 
44 153 44 163 
45 153 45 164 
51 153 51 164 
60 153 60 161 
67 153 67 164 
76 153 76 164 
90 153 90 164 
113 153 114 158 
116 153 116 164 
128 153 128 164 
132 153 132 164 
147 153 148 158 
176 153 176 163 
191 153 193 156 
194 153 195 156 
2 154 2 164 
5 154 6 158 
8 154 8 165 
23 154 23 165 
27 154 27 165 
32 154 32 165 
40 154 40 162 
58 154 58 161 
59 154 59 165 
65 154 65 163 
84 154 84 164 
91 154 92 158 
93 154 93 164 
107 154 107 161 
134 154 134 165 
151 154 151 162 
152 154 152 165 
177 154 177 162 
18 155 18 166 
55 155 55 162 
56 155 56 166 
57 155 57 166 
72 155 72 166 
73 155 74 160 
75 155 75 166 
79 155 79 166 
81 155 82 160 
94 155 94 166 
98 155 98 166 
106 155 106 166 
122 155 122 165 
127 155 127 166 
136 155 136 165 
146 155 146 166 
167 155 167 165 
173 155 173 166 
174 155 174 162 
185 155 185 166 
199 155 199 165 
9 156 10 161 
15 156 15 167 
16 156 16 163 
24 156 24 167 
34 156 34 167 
37 156 37 166 
38 156 38 165 
64 156 64 167 
66 156 66 163 
100 156 100 165 
101 156 101 167 
108 156 108 165 
110 156 111 161 
112 156 112 167 
133 156 133 167 
139 156 141 159 
142 156 142 165 
158 156 158 165 
160 156 160 167 
186 156 186 167 
188 156 188 166 
196 156 196 167 
7 157 7 166 
11 157 11 168 
13 157 13 168 
25 157 26 162 
41 157 41 165 
50 157 50 165 
68 157 69 161 
88 157 88 168 
95 157 95 168 
102 157 102 166 
154 157 154 167 
170 157 170 168 
178 157 178 168 
187 157 187 168 
191 157 191 168 
192 157 192 167 
193 157 193 165 
194 157 194 167 
36 158 36 167 
52 158 52 165 
63 158 63 166 
71 158 71 167 
86 158 86 169 
89 158 89 167 
96 158 96 168 
125 158 126 161 
131 158 131 167 
156 158 157 163 
163 158 163 168 
166 158 166 168 
168 158 169 161 
195 158 195 169 
198 158 198 167 
5 159 6 163 
17 159 17 167 
49 159 49 168 
53 159 53 170 
70 159 70 170 
87 159 87 169 
91 159 92 164 
109 159 109 167 
113 159 114 164 
119 159 119 170 
147 159 148 164 
164 159 165 164 
183 159 183 168 
12 160 12 170 
28 160 28 169 
30 160 30 171 
35 160 35 167 
46 160 47 165 
103 160 103 170 
104 160 104 169 
118 160 118 170 
137 160 137 169 
139 160 139 170 
140 160 140 171 
141 160 141 171 
143 160 143 171 
159 160 159 168 
162 160 162 170 
184 160 184 170 
1 161 1 171 
20 161 20 171 
62 161 62 172 
73 161 74 166 
80 161 83 163 
85 161 85 170 
117 161 117 170 
130 161 130 172 
145 161 145 172 
153 161 153 170 
155 161 155 171 
175 161 175 172 
190 161 190 172 
9 162 10 166 
14 162 14 173 
43 162 43 170 
54 162 54 172 
58 162 58 173 
60 162 60 171 
61 162 61 170 
68 162 68 171 
69 162 69 172 
97 162 97 172 
110 162 110 171 
111 162 111 173 
123 162 123 173 
124 162 126 165 
138 162 138 172 
144 162 144 172 
149 162 150 167 
161 162 161 172 
168 162 168 170 
169 162 169 172 
171 162 171 173 
179 162 180 165 
189 162 189 172 
197 162 197 172 
19 163 19 174 
21 163 22 167 
25 163 25 170 
26 163 26 172 
39 163 39 173 
40 163 40 174 
55 163 55 172 
77 163 77 172 
99 163 99 174 
120 163 120 174 
135 163 135 173 
151 163 151 173 
174 163 174 171 
177 163 177 173 
181 163 181 174 
0 164 0 173 
5 164 6 169 
16 164 16 173 
29 164 29 175 
31 164 31 175 
33 164 33 175 
44 164 44 174 
48 164 48 175 
65 164 65 175 
66 164 66 173 
78 164 78 173 
80 164 80 175 
81 164 81 173 
82 164 83 169 
105 164 105 173 
121 164 121 175 
129 164 129 174 
156 164 156 173 
157 164 157 174 
176 164 176 174 
182 164 182 171 
2 165 2 173 
3 165 4 170 
42 165 42 175 
45 165 45 174 
51 165 51 175 
67 165 67 176 
84 165 84 175 
90 165 90 174 
91 165 92 169 
93 165 93 174 
107 165 107 176 
113 165 116 167 
128 165 128 176 
147 165 148 168 
164 165 164 174 
165 165 165 176 
8 166 8 173 
23 166 23 175 
27 166 27 176 
32 166 32 176 
46 166 46 175 
47 166 47 175 
50 166 50 177 
52 166 52 177 
59 166 59 177 
100 166 100 175 
108 166 108 177 
122 166 122 175 
124 166 124 175 
125 166 125 174 
136 166 136 177 
142 166 142 176 
152 166 152 175 
158 166 158 175 
167 166 167 176 
179 166 180 171 
193 166 193 177 
199 166 199 177 
7 167 7 177 
9 167 10 171 
18 167 18 174 
37 167 37 178 
56 167 56 176 
57 167 57 177 
63 167 63 178 
72 167 73 172 
74 167 75 172 
79 167 79 178 
94 167 94 176 
98 167 98 177 
102 167 102 178 
126 167 127 171 
146 167 146 177 
172 167 173 172 
185 167 185 177 
188 167 188 178 
15 168 15 178 
17 168 17 178 
21 168 21 177 
22 168 22 179 
34 168 35 171 
36 168 36 179 
41 168 41 179 
71 168 71 177 
89 168 89 177 
101 168 101 177 
109 168 109 178 
112 168 115 169 
131 168 131 178 
132 168 134 171 
149 168 149 179 
154 168 154 179 
160 168 160 179 
186 168 186 176 
192 168 192 178 
194 168 194 178 
196 168 196 177 
198 168 198 178 
11 169 11 180 
38 169 38 180 
49 169 49 179 
64 169 64 180 
88 169 88 180 
95 169 95 179 
96 169 96 177 
147 169 148 174 
150 169 150 180 
159 169 159 180 
163 169 163 180 
166 169 166 180 
170 169 170 179 
178 169 178 180 
183 169 183 178 
187 169 187 180 
191 169 191 177 
5 170 6 175 
13 170 13 181 
24 170 24 181 
28 170 28 178 
82 170 82 180 
83 170 83 179 
86 170 86 181 
87 170 87 178 
91 170 92 174 
104 170 104 181 
112 170 112 179 
113 170 113 180 
114 170 114 181 
115 170 115 181 
137 170 137 180 
195 170 195 180 
3 171 3 182 
4 171 4 180 
12 171 12 179 
25 171 25 180 
53 171 53 181 
61 171 61 178 
70 171 70 182 
76 171 76 182 
85 171 85 182 
103 171 103 179 
116 171 118 173 
139 171 139 180 
162 171 162 182 
168 171 168 178 
1 172 1 179 
9 172 9 183 
10 172 10 183 
20 172 20 183 
30 172 30 180 
34 172 35 176 
43 172 43 183 
60 172 60 181 
106 172 106 183 
110 172 110 183 
119 172 119 183 
126 172 127 177 
132 172 132 180 
133 172 133 179 
134 172 134 183 
140 172 140 183 
141 172 141 182 
143 172 143 183 
155 172 155 180 
174 172 174 182 
179 172 179 183 
180 172 180 182 
182 172 182 183 
26 173 26 184 
54 173 55 178 
62 173 62 183 
68 173 69 177 
72 173 72 184 
73 173 73 181 
74 173 74 182 
75 173 75 182 
77 173 77 181 
97 173 97 183 
138 173 138 184 
144 173 144 183 
145 173 145 182 
161 173 161 181 
169 173 169 184 
172 173 172 184 
173 173 173 182 
189 173 189 180 
190 173 190 184 
0 174 0 183 
2 174 2 182 
8 174 8 183 
14 174 14 184 
16 174 16 185 
39 174 39 184 
58 174 58 185 
66 174 66 185 
78 174 78 183 
81 174 81 183 
105 174 105 185 
111 174 111 185 
116 174 118 176 
123 174 123 183 
135 174 135 184 
156 174 156 184 
171 174 171 185 
177 174 177 184 
18 175 18 183 
19 175 19 185 
40 175 40 185 
44 175 44 186 
45 175 45 186 
90 175 90 182 
91 175 93 178 
99 175 99 185 
120 175 120 185 
125 175 125 186 
129 175 130 180 
147 175 147 184 
148 175 148 184 
153 175 153 186 
157 175 157 184 
164 175 164 186 
175 175 176 180 
181 175 181 186 
197 175 197 186 
5 176 6 181 
23 176 23 187 
29 176 29 187 
31 176 31 187 
33 176 33 183 
42 176 42 186 
46 176 46 186 
47 176 48 181 
51 176 51 184 
65 176 65 186 
80 176 80 184 
84 176 84 184 
121 176 122 181 
124 176 124 187 
152 176 152 187 
158 176 158 186 
27 177 27 188 
32 177 32 186 
34 177 35 181 
56 177 56 187 
94 177 94 188 
100 177 100 188 
107 177 107 188 
116 177 116 185 
117 177 118 182 
128 177 128 188 
142 177 142 187 
151 177 151 188 
167 177 167 185 
186 177 186 186 
7 178 7 188 
21 178 21 188 
50 178 50 187 
57 178 57 186 
59 178 59 186 
67 178 68 181 
69 178 69 187 
71 178 71 189 
89 178 89 189 
96 178 96 188 
98 178 98 189 
108 178 108 186 
126 178 126 187 
136 178 136 187 
146 178 146 187 
184 178 185 182 
193 178 193 189 
196 178 196 188 
15 179 15 186 
17 179 17 186 
28 179 28 187 
54 179 55 184 
79 179 79 190 
87 179 87 188 
91 179 92 184 
101 179 102 184 
109 179 109 188 
127 179 127 190 
168 179 168 190 
183 179 183 190 
188 179 188 187 
191 179 192 183 
194 179 194 190 
198 179 198 187 
1 180 1 189 
12 180 12 191 
22 180 22 190 
36 180 37 185 
41 180 41 189 
61 180 61 191 
83 180 83 188 
112 180 112 189 
131 180 131 191 
133 180 133 190 
149 180 149 190 
154 180 154 189 
170 180 170 190 
4 181 4 191 
11 181 11 192 
25 181 25 192 
30 181 30 192 
38 181 38 192 
49 181 49 192 
63 181 64 186 
82 181 82 192 
88 181 88 191 
113 181 113 189 
129 181 129 192 
130 181 130 188 
132 181 132 192 
137 181 137 192 
139 181 139 191 
150 181 150 192 
155 181 155 191 
160 181 160 192 
163 181 163 191 
165 181 166 185 
175 181 176 185 
178 181 178 191 
189 181 189 190 
195 181 195 191 
5 182 5 192 
6 182 6 192 
13 182 13 190 
24 182 24 192 
34 182 34 193 
47 182 47 190 
48 182 48 193 
52 182 53 186 
67 182 68 187 
73 182 73 193 
77 182 77 190 
86 182 86 192 
104 182 104 193 
114 182 115 185 
121 182 122 186 
161 182 161 192 
2 183 2 193 
3 183 3 194 
60 183 60 194 
70 183 70 194 
74 183 75 188 
76 183 76 193 
85 183 85 191 
90 183 90 194 
93 183 93 194 
117 183 117 192 
118 183 118 193 
141 183 141 193 
145 183 145 194 
162 183 162 194 
173 183 174 187 
180 183 180 194 
184 183 185 188 
8 184 9 188 
10 184 10 191 
18 184 18 195 
20 184 20 195 
35 184 35 195 
43 184 43 195 
62 184 62 192 
78 184 78 195 
81 184 81 193 
97 184 97 191 
106 184 106 194 
110 184 110 195 
119 184 119 191 
123 184 123 195 
134 184 134 194 
140 184 140 194 
143 184 143 193 
144 184 144 192 
179 184 179 195 
182 184 182 191 
192 184 192 195 
0 185 0 196 
14 185 14 196 
26 185 26 193 
39 185 39 195 
51 185 51 195 
54 185 55 189 
72 185 72 194 
80 185 80 194 
84 185 84 194 
91 185 92 190 
101 185 103 188 
135 185 135 194 
138 185 138 192 
147 185 147 196 
148 185 148 195 
156 185 156 194 
157 185 157 194 
169 185 169 196 
172 185 172 194 
177 185 177 194 
190 185 191 190 
16 186 16 195 
19 186 19 195 
36 186 37 189 
40 186 40 197 
58 186 58 195 
66 186 66 195 
95 186 95 197 
105 186 105 197 
111 186 111 193 
114 186 115 190 
116 186 116 196 
120 186 120 197 
165 186 165 197 
166 186 166 197 
167 186 167 196 
171 186 171 197 
175 186 175 193 
176 186 176 196 
199 186 199 197 
15 187 15 198 
17 187 17 196 
42 187 42 197 
44 187 44 198 
45 187 45 194 
46 187 46 195 
53 187 53 197 
57 187 57 196 
59 187 59 196 
63 187 63 194 
64 187 64 196 
65 187 65 194 
108 187 108 197 
122 187 122 198 
125 187 125 197 
153 187 153 195 
158 187 158 195 
164 187 164 196 
181 187 181 195 
186 187 186 197 
197 187 197 197 
23 188 23 198 
28 188 28 196 
29 188 29 198 
31 188 31 198 
50 188 50 198 
56 188 56 198 
67 188 67 197 
68 188 68 195 
69 188 69 199 
99 188 99 199 
121 188 121 199 
124 188 124 199 
126 188 126 199 
142 188 142 198 
146 188 146 197 
152 188 152 199 
173 188 174 191 
187 188 188 192 
198 188 198 196 
7 189 9 192 
21 189 21 200 
52 189 52 200 
74 189 74 200 
75 189 75 197 
83 189 83 198 
87 189 87 200 
94 189 94 200 
100 189 100 198 
101 189 102 194 
109 189 109 197 
128 189 128 198 
130 189 130 198 
151 189 151 200 
159 189 159 200 
184 189 185 192 
32 190 32 201 
36 190 36 201 
37 190 37 201 
41 190 41 198 
54 190 54 198 
55 190 55 199 
71 190 71 199 
89 190 89 200 
96 190 96 201 
98 190 98 197 
112 190 112 199 
13 191 13 199 
27 191 27 202 
47 191 47 199 
77 191 77 201 
91 191 91 202 
92 191 92 202 
107 191 107 202 
114 191 114 200 
133 191 133 202 
136 191 136 202 
149 191 149 202 
168 191 168 201 
183 191 183 201 
189 191 190 194 
193 191 194 196 
4 192 4 202 
10 192 10 203 
12 192 12 203 
61 192 61 199 
85 192 85 201 
88 192 88 202 
97 192 97 199 
119 192 119 201 
131 192 131 203 
139 192 139 202 
154 192 154 203 
155 192 155 202 
163 192 163 200 
170 192 170 203 
174 192 174 201 
178 192 178 203 
182 192 182 202 
191 192 191 203 
195 192 196 195 
5 193 6 197 
7 193 8 197 
9 193 9 204 
11 193 11 200 
24 193 24 204 
25 193 25 204 
30 193 30 200 
38 193 38 204 
49 193 49 200 
82 193 82 203 
86 193 86 204 
117 193 117 203 
129 193 129 204 
132 193 132 204 
137 193 137 201 
150 193 150 201 
160 193 161 198 
184 193 184 202 
185 193 185 202 
187 193 187 204 
188 193 188 204 
2 194 2 205 
22 194 22 205 
34 194 34 203 
48 194 48 204 
73 194 73 202 
76 194 76 203 
104 194 104 205 
111 194 111 204 
118 194 118 202 
141 194 141 204 
143 194 144 198 
175 194 175 204 
3 195 3 206 
45 195 45 206 
60 195 60 204 
62 195 63 198 
65 195 65 205 
70 195 70 204 
72 195 72 205 
80 195 80 206 
90 195 90 202 
93 195 93 203 
101 195 101 205 
102 195 103 199 
106 195 106 203 
113 195 113 206 
134 195 135 198 
140 195 140 206 
145 195 145 204 
156 195 157 198 
162 195 162 205 
172 195 172 205 
177 195 177 206 
189 195 189 206 
190 195 190 203 
16 196 16 206 
18 196 18 204 
19 196 19 207 
20 196 20 206 
26 196 26 207 
35 196 35 206 
39 196 39 205 
43 196 43 207 
46 196 46 207 
51 196 51 205 
58 196 58 206 
68 196 68 204 
78 196 78 203 
79 196 79 207 
110 196 110 207 
123 196 123 207 
127 196 127 207 
153 196 153 206 
158 196 158 203 
179 196 179 206 
181 196 181 205 
192 196 192 206 
195 196 195 205 
196 196 196 206 
0 197 0 206 
14 197 14 208 
28 197 28 205 
57 197 57 208 
64 197 64 206 
81 197 81 208 
115 197 116 200 
147 197 147 208 
167 197 167 207 
169 197 169 206 
193 197 194 202 
198 197 198 206 
1 198 1 209 
5 198 5 209 
6 198 8 201 
40 198 40 208 
42 198 42 206 
53 198 53 208 
67 198 67 209 
75 198 75 208 
95 198 95 209 
108 198 109 201 
120 198 120 208 
125 198 125 209 
138 198 138 209 
146 198 146 205 
164 198 165 202 
166 198 166 206 
176 198 176 209 
186 198 186 209 
197 198 197 208 
199 198 199 209 
15 199 15 209 
17 199 17 210 
23 199 23 209 
29 199 29 210 
31 199 31 210 
44 199 44 210 
50 199 50 208 
62 199 63 202 
83 199 84 203 
100 199 100 208 
122 199 122 209 
130 199 130 209 
142 199 143 204 
144 199 144 209 
156 199 157 203 
160 199 160 208 
161 199 161 209 
13 200 13 211 
54 200 55 205 
61 200 61 207 
66 200 66 211 
69 200 69 208 
97 200 97 211 
98 200 99 205 
102 200 103 205 
112 200 112 211 
124 200 124 211 
126 200 126 209 
134 200 135 205 
152 200 152 211 
